msd_fib msd_neg_fib

0 1
0 0 -> 0
0 1 -> 1
1 0 -> 2
1 1 -> 3

1 0
0 0 -> 4
0 1 -> 2
1 0 -> 5
1 1 -> 2

2 0
0 0 -> 2
0 1 -> 2
1 0 -> 2
1 1 -> 2

3 1
0 0 -> 6
0 1 -> 2
1 0 -> 2
1 1 -> 2

4 0
0 0 -> 2
0 1 -> 2
1 0 -> 7
1 1 -> 2

5 0
0 0 -> 8
0 1 -> 1
1 0 -> 2
1 1 -> 2

6 0
0 0 -> 2
0 1 -> 3
1 0 -> 2
1 1 -> 2

7 0
0 0 -> 4
0 1 -> 9
1 0 -> 2
1 1 -> 2

8 1
0 0 -> 10
0 1 ->  2
1 0 ->  2
1 1 ->  2

9 0
0 0 -> 11
0 1 ->  2
1 0 ->  3
1 1 ->  2

10 0
0 0 -> 8
0 1 -> 1
1 0 -> 2
1 1 -> 3

11 0
0 0 -> 4
0 1 -> 9
1 0 -> 5
1 1 -> 2
